Function A: ADD 256
Function B: MULTIPLY 61
Function C: RAISE TO THE POWER OF 3

3311
2497
6627
4527
6636
4951
8820
5259
4231
4963
5947
6836
4740
3182
2721
5185
1249
7110
1940
9361
5541
6472
5127
6989
3254
5877
9748
2281
1914
2856
1350
6801
5729
1576
6272
2176
2440
2728
4321
4518
8230
7993
3246
9869
2805
2402
6729
9506
1853
2579
4565
2056
1453
7016
5800
1626
7125
5133
7132
6460
5700
3561
5494
8115
4453
7873
8364
2135
7137
8090
7236
7384
5497
7218
9724
2998
9425
6134
1593
4109
9535
9177
6876
7628
8383
4988
7503
5845
5931
4039
4040
5822
6347
1278
2205
3660
2198
2078
1866
1042
9258